0.002001
0.003895
0.013749
0.008872
-0.022127
0.003145
-0.005005
0.023264
-0.007232
-0.007220
0.003857
-0.004872
0.010976
0.010561
-0.001600
0.000464
0.022872
-0.001797
0.006286
0.002973
0.000621
0.003287
0.000095
-0.002345
0.002555
-0.023107
0.014760
0.023069
-0.021012
0.000254
0.000939
0.001345
-0.016658
-0.004107
0.006675
-0.006322
0.002214
-0.000916
-0.004188
-0.001696
0.001374
-0.011900
0.000648
-0.022298
0.001175
0.001054
0.012300
0.010541
-0.019203
0.004433
0.009347
0.003028
-0.008217
0.004238
-0.000570
-0.002537
-0.006984
0.002802
0.004553
0.003694
0.002230
-0.005323
0.003785
-0.002249
0.002407
0.007508
-0.013199
0.006251
0.006021
0.010530
0.002199
-0.011045
-0.000925
-0.011571
0.000585
0.000877
0.008410
-0.006801
0.000234
-0.000866
-0.009017
0.007111
-0.007301
0.008344
0.005788
-0.003719
-0.000993
0.009314
0.010346
0.019636
0.008973
-0.000085
0.013028
-0.000973
0.005079
-0.020671
0.000502
0.015089
0.001567
0.002507
-0.001248
0.000440
-0.001712
-0.003036
0.006437
0.005894
-0.000243
0.009516
0.005665
-0.003836
-0.000431
-0.009265
0.011422
0.002684
-0.000784
0.002269
-0.022145
0.007506
0.000711
0.021553
0.005105
0.008668
0.004644
0.010321
0.001166
0.003921
-0.012533
0.014761
-0.023140
0.002043
-0.001249
0.001411
0.012883
-0.015181
0.001804
-0.000998
-0.021218
0.010535
0.003652
-0.001633
-0.006153
-0.000182
0.000056
-0.002443
0.004595
0.007791
0.022567
-0.000775
-0.004940
0.008528
0.000581
-0.005471
0.012317
0.003326
0.005589
0.003098
0.006818
-0.007504
0.002059
0.004901
0.009482
0.003608
-0.011297
0.005964
0.000401
-0.001644
0.001999
0.013907
-0.001405
-0.001376
-0.007978
0.000180
-0.000839
-0.021788
0.002205
0.000895
0.000723
-0.001065
-0.000061
-0.004931
0.000545
0.005904
0.000824
-0.009552
0.004941
-0.003405
0.000320
0.011065
0.021802
-0.006152
-0.007505
0.012186
0.005871
-0.001546
0.021092
-0.011274
0.000423
0.009261
0.000865
0.003719
-0.005876
-0.023159
0.000727
0.023576
0.004222
-0.003021
-0.002122
0.006568
-0.021103
0.014302
0.005232
0.001609
0.001581
0.011428
0.001656
-0.002418
-0.023161
-0.000536
0.000220
0.000823
-0.001640
0.008101
0.000554
0.005009
-0.005364
0.014994
0.000493
-0.000199
-0.005421
-0.002133
0.001933
-0.002971
0.000136
0.003316
-0.006444
0.001760
-0.001049
0.017338
-0.013595
0.000565
-0.001355
0.020296
-0.002027
0.001655
0.000638
0.008331
0.003267
0.010902
-0.001216
0.006874
0.000488
0.016874
-0.009372
0.001014
0.004123
-0.014084
0.000035
-0.015752
0.004910
0.000668
-0.000520
-0.003796
0.002871
0.005986
0.003133
0.017638
0.006655
0.005753
0.003591
-0.003019
0.017692
-0.008763
0.012172
0.008636
0.007742
0.003902
0.022519
-0.003173
-0.000285
-0.004090
-0.005199
0.005166
-0.015254
0.002674
0.000463
0.010110
-0.007790
-0.004265
0.003804
0.005871
0.005770
-0.002861
-0.001057
-0.003458
-0.001738
-0.003779
0.005546
0.003906
-0.006550
0.008276
0.013538
-0.008944
0.017179
0.000053
-0.001663
0.000431
0.020397
-0.022697
-0.022037
0.017040
0.000146
-0.010990
0.022190
-0.000072
-0.013104
-0.003115
0.014850
0.012978
0.006994
0.000526
-0.003388
-0.002438
0.003544
-0.008599
0.001782
-0.000533
0.002061
0.000177
0.010107
0.012621
0.017865
0.001501
-0.004322
0.023717
-0.006646
0.000792
-0.002357
0.000151
-0.002213
0.007312
-0.022717
0.006313
-0.022520
0.005336
0.020170
0.023014
0.011502
0.004486
-0.001321
-0.004647
0.003488
0.005186
-0.021194
0.002908
-0.019905
-0.012896
-0.001079
-0.000605
0.005069
-0.001496
0.002383
0.009825
-0.023166
-0.006926
-0.000166
0.001704
0.000794
0.003219
0.000089
-0.016004
0.000280
-0.007417
0.016180
-0.015243
0.002950
0.004440
-0.000003
-0.005700
-0.003448
-0.019947
0.005285
-0.003775
-0.003682
0.011404
-0.000468
-0.004920
-0.000905
-0.001187
0.000776
0.000791
0.003183
0.022071
0.003043
-0.022898
0.001145
0.005032
0.000231
-0.000005
-0.004331
-0.017947
0.007916
-0.000046
-0.002548
0.000983
0.005851
-0.001438
0.017073
-0.006294
-0.005381
0.004474
-0.001333
0.001365
-0.001778
-0.001376
0.021327
0.016800
-0.019636
-0.008046
0.018809
-0.001513
0.009688
-0.014736
0.001531
0.005404
0.000839
0.002615
-0.006059
0.003021
0.007872
0.013099
-0.004801
0.015924
0.007561
-0.002022
0.003791
-0.008628
0.011174
0.002512
0.003020
0.007310
0.005576
-0.016808
0.013271
0.002286
0.002569
0.003881
-0.007285
-0.011084
0.004089
-0.006343
-0.000150
0.009214
-0.003873
-0.002326
-0.004602
0.004166
0.018647
-0.006719
0.023721
-0.006982
0.004484
0.002854
-0.000115
0.001738
0.002263
-0.002624
-0.009051
-0.000162
0.000312
0.003468
-0.001752
0.000401
0.003156
0.005973
-0.000454
0.010292
0.007894
0.000476
-0.000855
0.003634
0.002097
0.005149
0.021835
0.002614
-0.000512
-0.014457
0.001232
0.010363
-0.007249
-0.019908
0.002980
-0.008779
-0.000875
-0.021848
0.012928
-0.000935
-0.004707
0.000886
0.009026
0.000725
-0.021709
0.005474
-0.001097
-0.006876
0.007541
-0.008743
0.003218
-0.011341
-0.006232
0.012509
-0.022134
0.003981
-0.001907
-0.003592
-0.013396
0.020407
-0.000717
0.010422
-0.022456
0.004770
-0.003484
-0.014032
0.002878
0.011482
-0.003944
0.002774
-0.019215
-0.018218
0.009850
-0.001051
0.018486
0.005413
0.000178
0.013345
0.000226
-0.000480
-0.001344
0.005471
0.008121
0.003986
-0.022362
-0.001219
-0.006932
-0.000627
0.000106
-0.022552
-0.013691
-0.000286
-0.008142
-0.002919
-0.005343
0.012420
-0.013089
-0.004820
-0.007023
-0.009647
-0.007215
0.009201
0.023029
-0.023007
-0.018246
-0.006218
0.010483
0.001035
-0.007459
0.014357
-0.001143
0.000393
-0.005720
0.001064
-0.004533
0.007873
-0.022817
-0.000020
0.006076
-0.003096
0.017548
-0.007886
0.000652
0.003516
0.016100
0.000869
0.021680
-0.000097
0.018657
-0.004308
-0.006057
-0.010071
-0.007575
-0.007106
-0.002022
0.001297
0.013986
-0.002899
0.023077
-0.022612
0.002672
0.007369
-0.000499
-0.016267
-0.006343
0.012631
0.003826
0.000208
-0.002391
0.001550
0.001194
0.000606
0.002185
0.006782
-0.000234
-0.006547
-0.000451
0.001942
-0.006137
0.006745
-0.001533
-0.007118
0.003985
-0.001382
0.000204
0.001694
-0.009194
0.002458
0.002137
0.006748
-0.007820
-0.001065
-0.016391
0.002036
-0.004890
-0.002363
-0.003631
0.013774
0.008136
0.003662
-0.002251
-0.011518
0.004754
0.004687
0.003757
0.001014
0.001120
0.010889
0.000081
0.005315
-0.023147
-0.001521
-0.007938
-0.003936
0.001253
0.003173
0.015709
-0.005351
0.022324
-0.014588
0.002429
-0.012908
-0.008318
0.008417
-0.010223
0.000048
0.007999
-0.000078
0.005179
0.005773
0.003684
-0.021655
0.005022
0.009515
-0.010446
-0.008935
0.023536
0.003715
0.007665
-0.002992
-0.000200
-0.013631
-0.001475
0.023062
-0.001990
0.003075
-0.002892
-0.001643
0.023190
-0.001586
-0.014087
0.011921
0.023058
0.006500
0.000417
0.012315
0.000001
0.000936
0.001022
-0.000836
-0.001966
-0.023099
0.023078
0.001930
0.006410
-0.016385
-0.002818
-0.005145
0.014186
0.002385
0.010608
0.000433
0.023502
-0.001659
0.002034
-0.003022
0.008157
-0.001325
-0.003558
0.000419
0.001149
-0.008749
0.003005
-0.001897
0.011683
0.008708
0.001584
0.001933
-0.016216
-0.001213
0.003872
0.003321
0.012513
-0.000333
-0.002681
-0.000989
-0.000144
-0.001376
-0.000380
0.010255
-0.007289
0.002441
0.006372
0.023588
-0.013996
0.011121
0.004613
-0.004423
0.000849
-0.022125
0.014970
-0.013279
0.009696
-0.008223
-0.011160
0.013838
0.001342
0.007846
-0.001172
-0.001159
-0.001215
-0.004928
0.001348
0.002422
-0.008577
0.001856
-0.004504
-0.006118
0.008252
0.004252
-0.000117
0.002537
0.005057
-0.022654
-0.000672
0.003367
0.001145
0.008574
0.008916
0.000064
0.013539
0.009374
0.005959
0.001395
-0.010047
0.004398
0.000916
-0.001359
-0.004588
-0.014619
-0.019574
-0.004807
0.001960
-0.001075
-0.000104
-0.001984
-0.000306
-0.019580
-0.010931
0.023154
0.008588
-0.000556
-0.002971
-0.001158
-0.001951
-0.000271
0.011869
-0.005212
-0.013463
0.006854
0.004176
-0.000604
-0.016621
-0.000161
0.002091
-0.000057
-0.003056
0.000101
0.002578
0.003018
0.013919
0.014488
-0.000501
-0.003613
0.006959
-0.002979
-0.003901
0.003149
-0.006414
-0.022313
0.013706
-0.001616
0.000603
0.015490
-0.000003
0.005874
0.012516
0.006949
0.002430
-0.000548
-0.001409
0.007220
0.022680
0.000276
-0.000631
-0.022564
-0.000004
-0.002873
0.012749
-0.010581
0.000819
0.004016
-0.001964
0.003751
-0.008762
0.000035
-0.001959
-0.003253
0.004328
0.014232
0.019356
-0.010060
0.015428
-0.004981
-0.005194
-0.008128
0.003755
-0.009745
-0.003478
0.002017
-0.011914
0.008251
-0.009996
-0.006753
0.001291
-0.001360
0.001712
0.018802
-0.005980
-0.001265
-0.001916
0.004211
0.003209
0.000943
-0.005066
-0.006044
0.006424
-0.003412
0.003141
-0.004587
-0.016168
-0.002660
0.008654
-0.001706
0.001712
-0.000742
0.015366
0.009891
-0.000196
-0.023173
-0.021117
-0.002385
-0.004572
0.000492
-0.022877
-0.001626
-0.003270
0.007896
0.011309
0.002935
-0.007730
-0.022094
-0.022444
0.003366
-0.006053
-0.012908
0.000019
0.014551
0.008630
0.010544
0.015118
0.022893
-0.014920
0.023644
-0.021894
0.001630
0.002381
0.004974
0.004922
-0.023118
-0.012546
-0.006730
0.004191
-0.010371
-0.001498
0.000584
0.005804
-0.000286
0.008033
0.001512
-0.001013
0.007783
0.002294
0.016815
0.019070
-0.012723
-0.005835
0.000070
0.002706
-0.017556
0.006315
-0.014763
0.003238
-0.023116
-0.000848
-0.002127
0.003966
0.003918
-0.000689
-0.001295
0.013529
-0.005145
-0.018860
-0.003700
-0.003508
-0.003479
0.007139
0.001104
0.000091
0.000707
0.023553
0.009571
0.003237
-0.000550
0.005326
-0.021058
0.000418
-0.002299
-0.007886
-0.023150
0.008627
0.000265
-0.006021
0.023352
-0.006102
0.023566
-0.004695
0.009841
-0.016714
0.000140
-0.006793
0.000067
-0.003045
0.003510
0.014429
-0.003411
-0.003914
0.010245
0.003452
-0.001395
0.000710
0.019410
0.013080
0.000343
-0.000165
0.002667
0.001603
0.001774
-0.000202
0.001911
-0.005300
0.005883
-0.001129
0.002065
0.001779
-0.016564
0.014398
0.011009
-0.004126
0.002819
0.002802
-0.011114
-0.012515
0.009629
0.000683
0.002779
-0.001514
-0.002489
-0.006050
-0.001898
-0.009204
-0.009388
0.004589
0.004748
-0.013977
-0.018952
-0.002206
0.005687
-0.000205
-0.002128
-0.017938
0.002273
-0.022196
0.002948
-0.022853
-0.002392
0.011056
0.022505
-0.001327
0.011508
0.004763
-0.004407
-0.010392
0.017741
0.006448
-0.014705
0.003369
-0.022571
0.000167
0.005374
0.005757
-0.000659
0.001490
0.007601
0.000702
0.000643
-0.000822
0.010408
-0.015364
0.012793
-0.002904
-0.009653
-0.001591
-0.002884
-0.001886
-0.005741
-0.009940
-0.011671
-0.008233
-0.002636
-0.000161
0.003102
0.014169
-0.000875
0.004339
-0.010867
-0.010265
0.002428
-0.005698
0.006941
0.004000
0.007602
0.006780
-0.004225
-0.002617
0.010109
0.004929
-0.000549
-0.014102
-0.003481
-0.001029
-0.001212
0.007547
-0.003017
-0.005633
-0.000732
-0.006363
-0.003421
-0.002996
-0.006241
0.000847
0.002424
0.001934
-0.003936
0.012308
0.008749
0.001923
0.011024
-0.002086
0.023341
0.010078
0.023549
0.003872
0.007988
0.010356
0.002025
-0.009963
0.002339
-0.002581
0.022480
0.001652
0.023320
0.003552
-0.020561
0.006900
-0.009056
0.008733
0.005426
-0.001258
0.002224
0.001395
0.000338
-0.018730
0.001266
-0.002770
-0.016931
-0.007229
-0.022546
0.002486
0.002893
0.009151
0.004667
-0.014110
-0.004607
0.006993
0.001572
0.005767
0.005911
0.000676
0.010631
-0.000622
0.022217
-0.023169
-0.007059
-0.003040
0.000631
0.013956
-0.013779
0.005357
0.000541
0.001003
0.004917
0.003048
0.004850
0.000652
-0.002651
0.021542
0.006007
-0.000163
0.022640
0.000960
0.001817
0.002256
-0.007932
0.010569
0.005882
-0.001186
-0.001193
0.001631
-0.006404
-0.002276
0.007603
-0.015592
0.018346
-0.008867
0.005867
0.000362
0.001093
-0.018021
-0.022043
0.004452
0.004530
0.016191
0.002869
-0.004295
0.000934
-0.004137
0.005110
-0.006633
-0.002873
-0.001068
0.006808
0.006731
-0.012655
-0.021231
0.000765
0.001033
0.010044
0.003448
-0.000936
0.004199
0.006978
0.004069
0.000159
-0.021952
0.015996
-0.016503
-0.001715
0.003652
0.000947
0.005866
-0.009409
-0.014946
0.000274
0.015017
0.006660
-0.017875
0.000366
-0.015557
0.002006
-0.009860
0.012027
0.015876
0.000023
-0.007716
0.003813
0.000982
-0.000951
0.023242
0.000179
0.008028
0.010907
-0.015362
0.004619
0.010326
-0.011431
0.001256
0.008017
-0.002602
0.009720
0.023571
0.007914
0.001630
0.003269
-0.000240
-0.003746
-0.001827
0.002973
-0.002814
0.009235
0.004113
-0.003755
0.016852
-0.010366
0.009447
-0.006517
-0.007418
0.004556
-0.006810
0.004161
-0.003731
0.009530
-0.000851
0.000657
0.000163
0.002911
-0.002956
0.007378
-0.000665
0.005030
-0.003080
-0.012737
-0.001770
-0.000152
-0.000658
-0.002895
0.012027
-0.007853
-0.001465
-0.001875
-0.022949
-0.014635
-0.003233
0.003639
-0.006223
0.003077
0.008581
-0.012100
0.005726
0.003325
0.016355
0.004125
-0.004724
0.017110
0.002187
0.001289
0.001655
0.001443
0.012518
0.002522
-0.007284
-0.019276
0.023169
-0.003288
-0.001533
-0.022072
0.003384
0.013876
0.001674
0.002537
0.003867
0.021039
-0.004597
-0.003292
-0.023241
-0.002981
0.006172
-0.003255
-0.008053
-0.002724
-0.003815
0.002605
0.019343
0.004365
0.004484
-0.001603
0.004724
-0.000735
-0.003222
-0.000918
0.010384
0.014701
-0.017113
-0.003673
0.006710
0.005786
0.005842
0.012204
0.002970
-0.001770
0.005328
-0.002126
-0.009632
-0.022181
-0.004806
0.001810
0.002474
0.010597
0.002217
0.004044
0.000440
0.001276
0.007446
0.000596
-0.018200
-0.004330
-0.002904
-0.010703
-0.003789
-0.001970
-0.003082
-0.001558
-0.003831
0.000369
-0.002822
-0.001222
0.005503
0.016752
-0.000880
0.001735
-0.003240
0.001817
-0.007751
0.001583
0.010713
0.012416
-0.006326
0.001321
0.002836
-0.003419
0.006323
-0.022634
0.000525
0.004118
-0.003826
0.004743
-0.022782
-0.005635
-0.018225
0.020034
-0.000499
0.007669
-0.023098
0.004289
0.005371
0.006179
0.001636
0.004477
0.000505
0.000905
0.001697
-0.001073
-0.012562
-0.000143
-0.000216
-0.002576
-0.011290
0.002299
-0.007916
0.010373
0.010280
0.002742
0.002129
-0.004226
0.000403
0.014517
-0.002546
-0.002084
-0.002139
0.002132
0.005326
-0.009552
0.001555
-0.007137
0.002347
-0.008228
-0.008683
0.010607
0.010356
-0.012224
-0.011893
-0.001257
-0.005345
0.004722
-0.001979
-0.002271
0.006420
-0.001115
0.004071
-0.008351
0.004536
0.000428
0.010497
0.003645
-0.001963
0.000333
-0.002329
-0.001000
0.010783
0.004403
0.000517
0.013937
-0.000490
0.002843
-0.011830
-0.007525
0.002377
0.000572
-0.004675
0.008735
-0.022226
0.001435
0.001666
0.001604
-0.023146
0.004916
-0.022542
-0.009126
-0.002880
0.023422
0.002258
0.000317
0.005095
-0.000909
-0.018897
0.000454
-0.004784
-0.000329
0.008229
0.003371
0.004511
-0.001107
0.001636
-0.004750
-0.000162
-0.003326
-0.010810
-0.022975
-0.014063
-0.000001
0.002699
-0.000630
0.007795
0.022599
0.006197
-0.002179
0.008160
-0.011640
0.023517
-0.023074
0.002946
0.010573
0.021575
0.011557
0.002397
0.004379
-0.022731
0.006227
0.007214
0.003340
-0.000457
0.001239
-0.023209
0.004136
-0.002731
-0.008393
0.022046
-0.000897
-0.005121
-0.012047
-0.009734
0.015169
0.007990
-0.005182
0.019414
-0.005859
-0.010826
0.001765
-0.002461
-0.000444
-0.007865
-0.020278
0.008885
0.004108
-0.002413
-0.011501
0.000564
0.010279
0.002641
-0.022171
-0.016466
-0.005644
0.023580
0.006528
0.009807
-0.009090
-0.008313
0.007417
-0.002851
0.001524
0.005094
0.005113
-0.001553
0.008871
0.001475
-0.016920
0.013528
0.003066
-0.000518
0.010883
0.002186
0.002633
0.001075
0.005490
0.000782
-0.005498
0.001472
-0.012782
-0.003939
-0.010427
0.006863
0.010692
-0.000432
0.000232
0.004539
0.001374
-0.000057
-0.003728
-0.021251
-0.012726
-0.000609
-0.003605
-0.002458
-0.003482
0.008633
-0.010639
-0.001997
-0.004240
0.001357
-0.001261
0.003857
0.008820
0.005918
-0.016819
0.007286
0.001194
-0.003369
0.005619
-0.004198
0.003247
-0.000692
-0.003005
0.020089
0.004348
0.023547
-0.005188
-0.000201
0.017929
0.002459
-0.023157
0.015092
0.010101
-0.001184
0.023538
-0.000357
-0.007685
0.003532
0.016926
0.006390
0.005770
0.011741
-0.001307
0.005610
0.000818
0.003612
0.002321
0.001298
0.004906
0.008209
-0.004473
0.002899
0.004733
0.000245
0.014770
-0.023059
-0.023058
0.014364
0.000265
0.008388
-0.014961
0.002762
0.006840
-0.012718
-0.001181
0.000745
-0.001435
0.000352
-0.003718
-0.022546
-0.009383
0.000521
0.000787
0.000670
0.003650
0.008409
0.010044
0.003855
-0.022719
-0.000925
-0.006894
0.005437
0.003480
-0.014494
0.001868
0.002908
0.005308
-0.003313
0.003288
-0.001126
0.007556
-0.002455
0.001935
0.000134
0.008949
0.002317
0.002057
0.015750
-0.006043
0.002089
0.015609
-0.023003
-0.021414
0.006127
-0.006362
-0.006181
0.020380
0.001140
-0.013211
0.021225
-0.014009
-0.000004
-0.017226
0.009095
0.002824
0.004902
0.005318
0.001556
0.005158
0.000536
0.013866
0.023005
-0.016162
-0.002316
0.004997
0.000904
0.010665
0.004212
-0.018081
0.000706
0.002718
-0.023255
0.003994
0.005780
0.010433
-0.022976
-0.002374
-0.005499
0.005261
-0.000954
0.004553
-0.001142
-0.000971
0.011457
-0.016046
-0.017400
0.001752
0.000208
0.001249
-0.002048
-0.005735
-0.009464
0.004710
-0.001874
-0.001935
-0.000701
0.009264
-0.001924
-0.004100
0.005183
-0.004167
-0.001880
-0.010955
0.002893
-0.000577
0.003289
-0.000471
-0.003155
0.004413
0.002908
-0.003550
-0.001805
-0.006352
-0.000361
0.012036
-0.003915
0.010949
0.001682
-0.012635
-0.003136
0.016949
0.000437
0.023498
0.000774
-0.007121
-0.001594
0.013399
-0.019418
0.002633
-0.006275
0.001655
-0.000859
0.005796
0.006692
0.008978
0.009073
0.003142
-0.002035
-0.023164
0.018063
0.017067
-0.005762
-0.006862
-0.022117
-0.008582
0.010044
0.010044
0.001426
0.002174
0.009766
0.010232
0.010042
-0.000383
-0.006419
0.012618
0.006210
0.007170
-0.000931
-0.017623
0.021042
-0.000756
0.004520
-0.000151
-0.002278
0.003584
0.004900
0.005920
-0.001066
-0.021887
-0.003020
-0.015990
-0.012920
-0.001201
-0.002806
0.008717
0.014814
-0.004525
-0.018771
0.000602
0.000216
0.009897
-0.015707
0.008058
0.002524
-0.000108
0.005031
0.004607
0.001589
0.023455
-0.003623
-0.022928
0.001140
0.004603
0.006816
0.001127
-0.008202
-0.003250
-0.003424
-0.002112
0.000090
0.009001
0.000744
0.000808
-0.000288
-0.012471
-0.006452
0.007885
0.005969
-0.001642
-0.013662
-0.004145
-0.004693
0.015238
-0.001168
-0.010007
0.000161
0.012977
-0.011306
-0.002777
0.002960
-0.014710
-0.003088
0.002020
0.007285
-0.013702
-0.004167
-0.001280
0.013543
-0.020691
0.018226
-0.001809
-0.009520
-0.001607
-0.008808
0.002024
-0.002438
0.010833
0.003656
0.000636
0.008889
-0.006168
0.001140
0.007983
-0.014721
-0.002373
-0.002345
0.004942
-0.000420
0.005569
-0.019070
-0.000388
-0.003381
0.000561
-0.007238
0.023046
-0.021327
0.005638
0.010853
0.004048
-0.002359
0.005356
-0.008131
0.006471
0.002156
-0.001966
0.005054
-0.002850
0.005183
-0.007538
0.002959
0.000268
0.010837
0.008790
0.000154
-0.005953
0.005759
-0.004486
-0.003488
-0.005537
-0.002358
0.009623
-0.003061
-0.021338
0.001807
0.004732
-0.016293
0.011370
-0.002581
0.011948
0.000541
-0.002079
0.023566
-0.022068
-0.014474
-0.004638
-0.008820
0.007483
-0.001302
-0.000313
0.009199
0.001406
0.007785
-0.023187
-0.011527
0.005091
0.005389
0.003187
0.005820
-0.000679
0.012639
0.014220
-0.010193
-0.013915
0.003143
0.001605
-0.013117
-0.001116
0.002640
0.006650
0.003462
-0.023178
-0.022501
0.000449
-0.001871
-0.011126
-0.003864
-0.000220
0.006483
0.001807
0.001933
0.010120
-0.001420
0.008126
-0.005602
-0.020033
0.001704
-0.023174
0.009932
0.002068
0.016635
-0.004113
0.003307
0.023698
0.003245
0.004987
0.004371
0.007640
-0.003965
-0.008483
0.001157
0.002130
-0.003309
-0.000837
-0.004116
0.000628
0.000190
0.000632
-0.003864
0.007690
-0.004861
0.006742
-0.005123
-0.017149
-0.001418
-0.020630
-0.004661
0.001436
0.023092
0.000095
-0.002858
0.000944
0.001834
-0.005717
0.008201
-0.002533
0.006121
0.010162
0.017862
0.006670
0.012633
-0.005060
-0.005050
-0.004676
-0.010529
0.002046
-0.009532
0.006217
-0.000661
0.006197
-0.002421
-0.022977
0.014620
0.023478
0.002593
-0.000822
0.000755
0.013145
0.023525
0.000758
-0.023231
-0.022066
-0.005140
0.006831
0.005356
0.000042
0.006230
0.004427
0.007376
0.002776
0.000282
0.006850
0.009713
-0.006169
0.001824
0.001542
0.013610
0.008043
-0.006086
-0.000260
0.007624
-0.003431
-0.003960
0.009129
0.008901
0.012125
